extrinsics:
    - 0.022715600207448006
    - -0.9995700120925903
    - -0.018523599952459335
    - -0.05916620045900345
    - 0.9609990119934082
    - 0.026939600706100464
    - -0.27523499727249146
    - -0.015487399883568287
    - 0.27561599016189575
    - -0.011549100279808044
    - 0.9611979722976685
    - -0.01788480021059513
    - 0.0
    - 0.0
    - 0.0
    - 1.0
